1.43245349822072
1.37520998662972
1.10788098004228
1.19306385098611
1.16217034173967
1.43595856326223
1.31717414421562
1.34690729633479
1.46504767383992
1.12543338341028
1.20934772686806
1.46587981626674
1.24815524050666
1.3077492618581
1.31578177871754
1.4628163993014
1.05949770096078
1.1890737962301
1.11013044437364
1.38903034821018
1.10719882835578
1.27272825493097
1.30660448510614
1.84389655351214
1.09123604908005
1.36585876257396
1.16770270801957
2
1.44056935200417
1.29920919092976
1.44528991754536
1.41994378671514
1.16135390615021
1.50108377651252
1.02532289066894
1.17287915898128
1.39213099921044
1.25795383297721
1.20651505306179
1.22942054057655
1.35790217712384
1.46173973767995
1.07058087092311
1.1833001351401
1.59023848890357
1
1.38567575973999
1.43628923304394
1.35797387899768
1.2131469734832
